./planner.out map2.txt 3 1.44032,5.68217,2.81847 0.907662,1.53048,5.0707 0 myOutput.txt
./planner.out map2.txt 3 0.907662,1.53048,5.0707 0.94158,1.90742,2.09899 0 myOutput.txt
./planner.out map2.txt 3 0.328817,0.76833,3.23216 0.259025,0.721098,3.80787 0 myOutput.txt
./planner.out map2.txt 3 0.94158,1.90742,2.09899 1.07794,2.34375,2.10119 0 myOutput.txt
./planner.out map2.txt 3 0.462698,2.36436,1.35671 1.13719,1.90526,4.88114 0 myOutput.txt
./planner.out map2.txt 3 0.259025,0.721098,3.80787 1.67235,5.06644,1.87993 0 myOutput.txt
./planner.out map2.txt 3 0.722383,2.55108,5.50945 0.412051,2.01923,2.16723 0 myOutput.txt
./planner.out map2.txt 3 1.07794,2.34375,2.10119 1.52636,0.701914,0.26108 0 myOutput.txt
./planner.out map2.txt 3 1.0862,5.31208,0.752697 1.18293,6.14092,0.0774022 0 myOutput.txt
./planner.out map2.txt 3 1.13719,1.90526,4.88114 0.923235,1.43222,6.15994 0 myOutput.txt
./planner.out map2.txt 3 0.838616,3.52155,1.34818 1.19844,6.09959,2.61779 0 myOutput.txt
./planner.out map2.txt 3 1.67235,5.06644,1.87993 1.41705,1.38359,0.0323072 0 myOutput.txt
./planner.out map2.txt 3 0.653754,6.17464,3.47271 1.52212,4.48945,1.41105 0 myOutput.txt
./planner.out map2.txt 3 0.412051,2.01923,2.16723 1.50788,0.43634,2.24239 0 myOutput.txt
./planner.out map2.txt 3 1.04629,0.0943697,5.38949 0.959725,2.14359,3.82228 0 myOutput.txt
./planner.out map2.txt 3 1.52636,0.701914,0.26108 1.69382,6.24524,1.4996 0 myOutput.txt
./planner.out map2.txt 3 1.40818,5.3141,2.13829 1.57813,4.95437,1.00479 0 myOutput.txt
./planner.out map2.txt 3 1.18293,6.14092,0.0774022 0.63663,3.71991,0.795853 0 myOutput.txt
./planner.out map2.txt 3 1.45744,1.46575,5.97127 1.07068,2.02534,3.26707 0 myOutput.txt
./planner.out map2.txt 3 0.923235,1.43222,6.15994 0.0243131,0.89701,3.76393 0 myOutput.txt
